199,35
3,1
3,3
10,122
10,10
10,297
10,11
10,208
10,279
10,145
10,134
10,2
9,7
9,6
9,4
8,10
8,8
8,18
8,13
8,2
8,3
198,3
198,2
198,1
198,0
197,3
197,2
197,1
197,0
20,3
20,2
20,1
19,3
19,2
19,1
14,14
14,13
14,8
14,4
14,0
12,3
12,2
12,1
11,30
11,29
11,28
11,27
11,26
11,25
11,24
11,23
11,22
11,21
11,20
11,19
11,18
11,17
11,16
11,15
11,14
11,13
11,12
11,11
11,10
11,9
11,8
11,7
11,6
11,5
11,4
11,3
11,2
11,1
10,314
10,313
10,312
10,311
10,308
10,307
10,306
10,304
10,303
10,302
10,301
10,299
10,296
10,295
10,294
10,291
10,290
10,289
10,285
10,283
10,282
10,281
10,280
10,278
10,276
10,275
10,266
18,1
10,265
10,264
18,3
14,1
10,261
14,9
10,246
10,139
14,3
13,1
10,95
10,90
13,3
10,73
10,22
10,1
